1,1,678,275,48,10,1
2,1,676,275,47,11,1
3,1,673,274,47,11,1
4,1,671,274,46,11,1
5,1,669,274,45,11,1
6,1,666,275,44,11,1
7,1,664,275,43,11,1
8,1,661,275,43,11,1
9,1,659,276,42,10,1
10,1,656,276,41,11,1
11,1,654,276,41,11,1
12,1,651,277,40,10,1
13,1,649,277,39,10,1
14,1,646,277,39,11,1
15,1,644,278,38,10,1
16,1,642,278,37,10,1
17,1,639,278,37,10,1
18,1,637,278,36,10,1
19,1,634,279,35,10,1
20,1,632,279,35,10,1
21,1,633,279,34,10,1
22,1,635,279,33,10,1
23,1,638,279,32,10,1
24,1,643,280,31,9,1
25,1,649,280,30,9,1
26,1,655,280,29,9,1
27,1,661,280,28,9,1
28,1,668,280,25,9,1
29,1,672,280,28,9,1
30,1,676,279,32,10,1
31,1,679,279,37,10,1
32,1,683,278,42,11,1
33,1,688,278,46,11,1
34,1,693,277,49,11,1
35,1,701,277,50,11,1
36,1,710,276,49,11,1
37,1,719,276,47,10,1
38,1,729,275,46,10,1
39,1,738,275,45,9,1
40,1,748,274,45,9,1
41,1,758,273,46,10,1
42,1,765,272,47,10,1
43,1,769,271,48,10,1
44,1,770,270,49,11,1
45,1,771,269,50,11,1
46,1,771,269,51,10,1
47,1,769,268,52,10,1
48,1,766,267,52,11,1
49,1,762,266,52,11,1
50,1,755,265,53,11,1
51,1,747,264,53,11,1
52,1,740,263,52,11,1
53,1,731,262,53,12,1
54,1,722,261,53,12,1
55,1,714,260,53,12,1
56,1,705,259,53,12,1
57,1,697,258,53,12,1
58,1,689,257,52,12,1
59,1,679,256,52,12,1
60,1,671,255,52,13,1
61,1,663,254,51,13,1
62,1,653,253,51,13,1
63,1,643,251,51,14,1
64,1,633,250,51,14,1
65,1,623,249,52,14,1
66,1,613,248,52,14,1
67,1,602,247,52,14,1
68,1,592,246,53,14,1
69,1,581,244,53,15,1
70,1,570,243,55,15,1
71,1,558,242,56,15,1
72,1,547,241,57,15,1
73,1,536,239,58,16,1
74,1,525,238,60,16,1
75,1,520,237,60,15,1
76,1,519,236,61,15,1
77,1,520,234,61,16,1
78,1,523,233,61,16,1
79,1,528,231,62,17,1
80,1,536,230,61,17,1
81,1,545,229,61,16,1
82,1,558,227,60,17,1
83,1,571,226,60,17,1
84,1,583,224,59,18,1
85,1,597,223,59,17,1
86,1,609,221,60,18,1
87,1,623,220,60,17,1
88,1,637,219,60,17,1
89,1,649,217,61,18,1
90,1,662,216,62,17,1
91,1,675,214,63,18,1
92,1,689,213,64,17,1
93,1,703,211,64,17,1
94,1,716,209,66,18,1
95,1,727,208,70,18,1
96,1,740,205,74,19,1
97,1,751,203,79,20,1
98,1,763,201,85,21,1
99,1,774,199,91,23,1
100,1,785,196,96,25,1
101,1,795,193,100,29,1
102,1,808,191,96,31,1
103,1,822,191,88,31,1
104,1,833,192,79,30,1
105,1,838,193,70,29,1
106,1,833,194,72,29,1
107,1,824,194,76,30,1
108,1,813,195,78,30,1
109,1,799,196,79,30,1
110,1,785,197,79,30,1
111,1,768,198,78,30,1
112,1,749,199,76,30,1
113,1,731,200,74,30,1
114,1,715,201,71,30,1
115,1,696,202,68,30,1
116,1,678,204,66,29,1
117,1,661,205,63,29,1
118,1,644,206,61,29,1
119,1,625,207,59,29,1
120,1,606,208,60,29,1
121,1,586,210,59,28,1
122,1,567,211,60,28,1
123,1,549,212,62,28,1
124,1,529,213,64,28,1
125,1,510,214,65,28,1
126,1,492,215,66,28,1
127,1,474,216,66,27,1
128,1,457,217,67,27,1
129,1,441,218,66,27,1
130,1,423,219,64,26,1
131,1,408,220,61,26,1
132,1,385,220,69,27,1
133,1,358,220,83,27,1
134,1,337,220,94,28,1
135,1,320,220,104,27,1
136,1,315,220,104,26,1
137,1,315,221,100,23,1
138,1,320,222,94,20,1
139,1,326,222,90,19,1
140,1,335,221,87,18,1
141,1,347,220,83,18,1
142,1,359,219,82,17,1
143,1,371,217,83,18,1
144,1,383,216,85,18,1
145,1,395,214,86,19,1
146,1,409,213,86,19,1
147,1,422,211,87,20,1
148,1,437,209,87,20,1
149,1,450,207,87,21,1
150,1,464,206,87,21,1
151,1,480,204,87,22,1
152,1,496,202,86,22,1
153,1,513,200,86,23,1
154,1,531,198,85,23,1
155,1,547,196,84,24,1
156,1,565,193,85,25,1
157,1,585,191,86,26,1
158,1,602,189,88,26,1
159,1,623,187,89,26,1
160,1,641,184,91,28,1
161,1,661,182,94,28,1
162,1,680,179,99,29,1
163,1,698,177,103,29,1
164,1,715,174,107,30,1
165,1,726,171,110,31,1
166,1,730,168,113,32,1
167,1,730,165,114,33,1
168,1,726,162,117,34,1
169,1,719,159,117,35,1
170,1,708,155,117,37,1
171,1,692,152,117,37,1
172,1,675,148,116,39,1
173,1,656,145,115,39,1
174,1,636,141,115,41,1
175,1,615,137,116,42,1
176,1,591,133,118,44,1
177,1,567,129,120,45,1
178,1,544,125,123,46,1
179,1,517,120,125,48,1
180,1,489,115,132,50,1
181,1,463,111,139,51,1
182,1,434,106,146,53,1
183,1,405,101,153,55,1
184,1,373,95,162,58,1
185,1,340,89,171,60,1
186,1,304,83,181,62,1
187,1,268,77,192,64,1
188,1,232,70,202,67,1
189,1,192,63,215,70,1
190,1,150,56,228,73,1
191,1,110,49,240,76,1
192,1,88,42,249,79,1
193,1,76,34,257,82,1
194,1,71,26,264,85,1
195,1,72,17,269,90,1
196,1,82,7,273,94,1
197,1,99,0,275,96,1
198,1,125,0,275,90,1
199,1,154,0,274,85,1
200,1,187,0,271,80,1
201,1,223,0,269,74,1
202,1,258,0,266,67,1
203,1,300,0,261,60,1
204,1,339,0,257,54,1
205,1,386,0,249,47,1
206,1,436,0,255,40,1
207,1,491,0,267,33,1
208,1,553,0,280,24,1
209,1,615,0,293,16,1
210,1,669,0,322,10,1
211,1,716,0,365,5,1
212,1,769,0,418,2,1
213,1,833,0,442,1,1
214,1,100,100,300,200,1
215,1,915,0,364,14,1
216,1,927,0,352,19,1
217,1,929,0,350,24,1
218,1,924,0,355,30,1
219,1,912,0,367,37,1
220,1,895,0,376,43,1
221,1,871,0,349,49,1
222,1,840,0,322,56,1
223,1,809,0,299,62,1
224,1,777,0,276,69,1
225,1,748,0,258,75,1
226,1,718,0,240,81,1
227,1,688,0,223,87,1
228,1,663,0,209,92,1
229,1,639,0,196,97,1
230,1,605,2,191,101,1
231,1,576,10,188,98,1
232,1,545,18,185,95,1
233,1,518,24,182,93,1
234,1,490,30,178,92,1
235,1,465,35,175,92,1
236,1,443,39,177,92,1
237,1,422,42,178,92,1
238,1,409,44,170,92,1
239,1,403,47,149,88,1
240,1,406,50,128,83,1
241,1,409,48,130,85,1
242,1,413,44,141,89,1
243,1,426,40,146,92,1
244,1,448,36,147,95,1
245,1,477,32,144,98,1
246,1,511,29,142,99,1
247,1,554,25,147,101,1
248,1,601,20,151,104,1
249,1,648,16,157,106,1
250,1,683,11,174,109,1
251,1,716,7,190,110,1
252,1,754,2,209,113,1
253,1,791,0,227,112,1
254,1,831,0,245,110,1
255,1,870,0,265,107,1
256,1,908,0,283,105,1
257,1,950,0,301,102,1
258,1,993,0,286,100,1
259,1,1031,0,248,99,1
260,1,1057,0,222,97,1
261,1,1076,0,203,97,1
262,1,1058,0,221,107,1
263,1,1043,0,236,112,1
264,1,995,0,284,127,1
265,1,956,2,301,134,1
266,1,921,15,285,126,1
267,1,883,29,267,118,1
268,1,847,42,249,110,1
269,1,812,54,230,103,1
270,1,779,66,213,95,1
271,1,750,76,198,89,1
272,1,719,87,183,82,1
273,1,690,98,169,74,1
274,1,664,106,157,69,1
275,1,639,116,144,62,1
276,1,611,123,139,57,1
277,1,582,131,133,52,1
278,1,556,139,127,46,1
279,1,533,144,122,43,1
280,1,510,151,118,38,1
281,1,489,156,117,35,1
282,1,467,160,116,33,1
283,1,444,163,118,34,1
284,1,421,166,121,34,1
285,1,406,169,121,34,1
286,1,404,172,120,33,1
287,1,409,174,118,33,1
288,1,418,177,116,32,1
289,1,430,179,114,32,1
290,1,448,181,109,32,1
291,1,469,184,106,31,1
292,1,493,186,102,31,1
293,1,518,188,98,30,1
294,1,540,190,94,30,1
295,1,564,192,92,29,1
296,1,587,194,91,29,1
297,1,607,196,90,28,1
298,1,628,198,89,27,1
299,1,647,199,89,28,1
300,1,666,201,89,27,1
301,1,683,203,91,26,1
302,1,701,204,91,26,1
303,1,717,206,93,26,1
304,1,732,207,93,26,1
305,1,749,209,93,25,1
306,1,764,210,94,25,1
307,1,778,211,95,25,1
308,1,793,213,95,24,1
309,1,803,214,96,24,1
310,1,808,215,95,23,1
311,1,808,217,94,22,1
312,1,805,218,93,22,1
313,1,799,219,91,22,1
314,1,791,220,89,22,1
315,1,780,221,86,22,1
316,1,766,222,84,22,1
317,1,752,223,82,21,1
318,1,738,224,80,21,1
319,1,724,225,77,21,1
320,1,709,227,75,19,1
321,1,695,228,73,19,1
322,1,682,228,71,20,1
323,1,669,229,69,20,1
324,1,655,230,67,19,1
325,1,643,231,66,19,1
326,1,630,232,64,19,1
327,1,616,233,64,18,1
328,1,602,234,63,18,1
329,1,589,235,62,17,1
330,1,578,236,61,17,1
331,1,566,237,62,17,1
332,1,556,238,63,16,1
333,1,552,238,62,17,1
334,1,552,239,61,16,1
335,1,555,240,60,16,1
336,1,560,241,59,15,1
337,1,567,242,58,15,1
338,1,576,243,57,14,1
339,1,587,244,56,14,1
340,1,600,245,56,13,1
341,1,612,245,55,14,1
342,1,625,246,55,14,1
343,1,638,247,54,13,1
344,1,649,248,54,13,1
345,1,660,249,55,12,1
346,1,671,250,55,12,1
347,1,682,251,55,11,1
348,1,693,252,55,11,1
349,1,703,253,55,11,1
350,1,713,253,56,11,1
351,1,723,254,56,11,1
352,1,734,255,56,11,1
353,1,744,256,56,11,1
354,1,753,257,56,11,1
355,1,763,257,56,12,1
356,1,771,258,56,12,1
357,1,775,260,56,10,1
358,1,775,261,56,10,1
359,1,773,261,56,11,1
360,1,769,262,55,10,1
361,1,764,263,54,10,1
362,1,756,263,58,11,1
363,1,747,264,59,11,1
364,1,739,264,59,11,1
365,1,729,265,59,11,1
366,1,720,265,58,11,1
367,1,712,266,57,11,1
368,1,704,267,55,10,1
369,1,695,267,55,11,1
370,1,687,268,53,10,1
371,1,678,269,52,10,1
372,1,671,269,50,10,1
373,1,663,270,48,10,1
374,1,654,271,47,9,1
375,1,646,272,43,8,1
376,1,637,273,41,8,1
377,1,625,273,45,9,1
378,1,612,273,47,10,1
379,1,600,273,47,10,1
380,1,588,273,46,11,1
381,1,577,273,46,11,1
382,1,566,273,47,11,1
383,1,562,274,46,11,1
384,1,560,274,45,11,1
385,1,559,274,46,11,1
386,1,560,275,45,11,1
387,1,563,275,45,11,1
388,1,568,275,44,11,1
389,1,575,276,42,10,1
390,1,581,276,41,11,1
391,1,588,276,40,11,1
392,1,594,277,40,10,1
393,1,600,277,39,10,1
394,1,607,277,38,11,1
395,1,613,278,37,10,1
396,1,619,278,37,10,1
397,1,626,278,36,10,1
398,1,632,278,36,10,1
399,1,638,279,36,10,1
400,1,644,279,35,10,1
401,1,650,279,35,10,1
402,1,656,279,34,10,1
403,1,661,279,34,10,1
404,1,667,280,33,9,1
405,1,672,280,32,9,1
406,1,672,280,31,9,1
407,1,670,280,28,9,1
408,1,667,280,26,9,1
409,1,660,280,27,9,1
410,1,651,279,30,10,1
411,1,641,279,33,10,1
412,1,628,278,38,11,1
413,1,615,278,42,11,1
414,1,603,277,44,11,1
415,1,592,277,45,11,1
416,1,584,276,44,11,1
417,1,575,276,43,10,1
418,1,566,275,42,10,1
419,1,557,275,41,9,1
420,1,548,274,41,9,1
421,1,538,273,43,10,1
422,1,528,272,44,10,1
423,1,517,271,46,10,1
424,1,506,270,48,10,1
425,1,496,269,49,11,1
426,1,490,268,49,11,1
427,1,486,267,50,11,1
428,1,485,267,51,10,1
429,1,487,266,51,11,1
430,1,490,264,52,12,1
431,1,495,264,52,11,1
432,1,502,263,52,11,1
433,1,512,262,52,11,1
434,1,521,261,52,12,1
435,1,530,260,52,12,1
436,1,541,259,51,12,1
437,1,551,258,51,12,1
438,1,562,256,51,13,1
439,1,572,255,50,13,1
440,1,583,254,50,13,1
441,1,594,253,50,13,1
442,1,605,252,50,14,1
443,1,617,251,50,14,1
444,1,627,250,51,14,1
445,1,639,249,51,14,1
446,1,650,248,53,14,1
447,1,661,247,53,14,1
448,1,672,245,55,15,1
449,1,683,244,56,15,1
450,1,694,243,58,15,1
451,1,706,242,60,15,1
452,1,716,241,60,15,1
453,1,722,239,62,16,1
454,1,725,238,62,16,1
455,1,725,237,62,15,1
456,1,723,235,62,16,1
457,1,719,234,63,16,1
458,1,712,233,63,16,1
459,1,704,231,62,17,1
460,1,695,230,62,17,1
461,1,683,229,62,16,1
462,1,673,227,61,17,1
463,1,662,226,60,17,1
464,1,650,224,60,17,1
465,1,640,223,59,17,1
466,1,627,221,59,17,1
467,1,615,220,60,17,1
468,1,602,218,59,18,1
469,1,589,217,59,17,1
470,1,576,215,60,18,1
471,1,562,214,61,17,1
472,1,548,212,61,17,1
473,1,534,211,63,17,1
474,1,518,209,65,18,1
475,1,502,207,69,18,1
476,1,487,205,73,19,1
477,1,476,202,78,21,1
478,1,471,200,81,22,1
479,1,468,198,85,23,1
480,1,466,195,89,27,1
481,1,469,192,87,30,1
482,1,478,191,80,31,1
483,1,491,191,71,31,1
484,1,506,192,60,30,1
485,1,521,194,50,28,1
486,1,529,194,54,29,1
487,1,538,194,57,30,1
488,1,547,195,59,30,1
489,1,556,196,59,31,1
490,1,566,197,59,30,1
491,1,576,198,59,30,1
492,1,586,199,59,30,1
493,1,595,200,60,30,1
494,1,606,202,60,29,1
495,1,617,203,59,29,1
496,1,627,204,60,30,1
497,1,637,205,60,30,1
498,1,646,206,60,29,1
499,1,652,208,61,28,1
500,1,652,209,61,28,1
501,1,649,210,59,28,1
502,1,642,211,59,28,1
503,1,633,212,57,28,1
504,1,620,213,56,28,1
505,1,604,215,55,27,1
506,1,588,216,54,27,1
507,1,570,217,54,27,1
508,1,554,218,54,26,1
509,1,536,219,53,26,1
510,1,518,220,52,26,1
511,1,502,220,50,26,1
512,1,477,220,62,27,1
513,1,454,220,73,27,1
514,1,429,220,86,27,1
515,1,408,220,93,27,1
516,1,396,221,94,24,1
517,1,391,221,90,22,1
518,1,391,222,86,20,1
519,1,390,221,84,19,1
520,1,389,221,81,18,1
521,1,388,220,80,17,1
522,1,385,218,81,18,1
